[[0.   0.19 0.96 0.98 0.6  0.65 0.7  0.49 0.94 1.24 0.5  0.4  0.22 0.28
  0.87 0.59 0.97 1.26 1.41]
 [0.19 0.   0.82 0.79 0.41 0.51 0.61 0.3  0.84 1.05 0.42 0.2  0.17 0.09
  0.68 0.45 0.79 1.07 1.22]
 [0.96 0.82 0.   0.8  0.72 0.31 0.3  0.65 0.19 0.78 0.48 0.72 0.73 0.75
  0.7  0.37 1.01 0.69 0.78]
 [0.98 0.79 0.8  0.   0.38 0.7  0.88 0.51 0.97 0.32 0.86 0.59 0.87 0.72
  0.13 0.69 0.25 0.41 0.56]
 [0.6  0.41 0.72 0.38 0.   0.48 0.66 0.14 0.83 0.66 0.56 0.21 0.5  0.34
  0.28 0.44 0.41 0.7  0.86]
 [0.65 0.51 0.31 0.7  0.48 0.   0.19 0.38 0.36 0.8  0.22 0.42 0.43 0.44
  0.57 0.06 0.85 0.76 0.89]
 [0.7  0.61 0.3  0.88 0.66 0.19 0.   0.54 0.24 0.96 0.2  0.57 0.48 0.55
  0.76 0.22 1.04 0.91 1.02]
 [0.49 0.3  0.65 0.51 0.14 0.38 0.54 0.   0.73 0.75 0.43 0.1  0.37 0.22
  0.38 0.33 0.56 0.77 0.93]
 [0.94 0.84 0.19 0.97 0.83 0.36 0.24 0.73 0.   0.97 0.44 0.78 0.72 0.78
  0.86 0.41 1.16 0.88 0.97]
 [1.24 1.05 0.78 0.32 0.66 0.8  0.96 0.75 0.97 0.   1.   0.85 1.09 0.96
  0.38 0.81 0.54 0.13 0.24]
 [0.5  0.42 0.48 0.86 0.56 0.22 0.2  0.43 0.44 1.   0.   0.43 0.28 0.38
  0.73 0.19 0.97 0.97 1.11]
 [0.4  0.2  0.72 0.59 0.21 0.42 0.57 0.1  0.78 0.85 0.43 0.   0.3  0.13
  0.48 0.37 0.61 0.87 1.03]
 [0.22 0.17 0.73 0.87 0.5  0.43 0.48 0.37 0.72 1.09 0.28 0.3  0.   0.18
  0.75 0.38 0.91 1.09 1.24]
 [0.28 0.09 0.75 0.72 0.34 0.44 0.55 0.22 0.78 0.96 0.38 0.13 0.18 0.
  0.6  0.38 0.73 0.98 1.14]
 [0.87 0.68 0.7  0.13 0.28 0.57 0.76 0.38 0.86 0.38 0.73 0.48 0.75 0.6
  0.   0.56 0.31 0.44 0.6 ]
 [0.59 0.45 0.37 0.69 0.44 0.06 0.22 0.33 0.41 0.81 0.19 0.37 0.38 0.38
  0.56 0.   0.82 0.78 0.92]
 [0.97 0.79 1.01 0.25 0.41 0.85 1.04 0.56 1.16 0.54 0.97 0.61 0.91 0.73
  0.31 0.82 0.   0.65 0.78]
 [1.26 1.07 0.69 0.41 0.7  0.76 0.91 0.77 0.88 0.13 0.97 0.87 1.09 0.98
  0.44 0.78 0.65 0.   0.16]
 [1.41 1.22 0.78 0.56 0.86 0.89 1.02 0.93 0.97 0.24 1.11 1.03 1.24 1.14
  0.6  0.92 0.78 0.16 0.  ]]
