[0.06889082 0.15659248 0.22249226 0.4829075  0.75780106        nan
        nan        nan        nan        nan        nan]
[0.0697     0.16746462 0.22249226 0.27287251 0.59961927        nan
        nan        nan        nan        nan        nan]
[0.3466883  0.35867127 0.36311395 0.49665391 0.67922617        nan
        nan        nan        nan        nan        nan]
[0.09110276 0.46210607 0.67737675 0.7022333  0.72971911 0.85269012
 0.80092376        nan        nan        nan        nan]
[0.07556572 0.12591471 0.35867127 0.71131002 0.72971911        nan
        nan        nan        nan        nan        nan]
[0.05177619 0.07556572 0.3466883  0.77904632 0.80092376 0.842789
        nan        nan        nan        nan        nan]
[0.0697     0.09798704 0.15659248 0.32819397 0.62952066        nan
        nan        nan        nan        nan        nan]
[0.09110276 0.37351479 0.59961927 0.62952066 0.68949946 0.75780106
        nan        nan        nan        nan        nan]
[0.06889082 0.09798704 0.16746462 0.41750395 0.68949946        nan
        nan        nan        nan        nan        nan]
[0.49665391 0.60391552 0.69660444 0.76339162 0.842789          nan
        nan        nan        nan        nan        nan]
[0.27287251 0.32819397 0.37351479 0.41750395 0.46210607 0.67922617
        nan        nan        nan        nan        nan]
[0.05177619 0.12591471 0.36311395 0.83039926 0.85269012        nan
        nan        nan        nan        nan        nan]
