19 18 0.158113883008419
19 17 0.7823042886243179
19 10 0.2408318915758459
19 4 0.5554277630799527
18 10 0.13038404810405296
18 6 0.7621679604916491
17 15 0.3124099870362662
17 10 0.5414794548272354
17 4 0.25
16 11 0.18973665961010275
16 9 0.412310562561766
16 8 0.3280243893371345
16 7 0.2202271554554524
16 6 0.06
16 5 0.4404543109109048
15 12 0.47507894080878815
15 8 0.38483762809787714
15 5 0.2765863337187866
15 4 0.13
15 2 0.677421582177598
15 1 0.8713208364316786
14 2 0.0860232526704263
14 1 0.27658633371878666
13 11 0.28071337695236404
13 9 0.72
13 7 0.4801041553663122
13 6 0.43081318457076034
13 2 0.17029386365926397
13 1 0.22203603311174516
12 8 0.10000000000000002
12 5 0.20880613017821104
12 4 0.5909314681077663
12 2 0.2024845673131659
12 1 0.39661064030103876
11 9 0.4404543109109048
11 7 0.2002498439450079
11 6 0.21633307652783934
11 3 0.4785394445602159
11 1 0.5000999900019995
10 4 0.3195309061734091
9 8 0.7343023900274328
9 7 0.24020824298928628
9 6 0.35777087639996635
9 3 0.19026297590440444
9 1 0.9404786015641184
8 7 0.5448853090330111
8 6 0.37735924528226417
8 5 0.14142135623730953
8 4 0.5059644256269407
8 2 0.298328677803526
7 6 0.18788294228055935
7 5 0.6606814663663572
7 3 0.30479501308256335
7 1 0.7002856560004638
6 5 0.4808326112068523
5 4 0.38470768123342686
2 1 0.19416487838947596
