12 8 0.830399262428876
12 6 0.051776194261640276
12 5 0.12591470744905034
12 4 0.8526901192507133
12 3 0.3631139485608036
11 9 0.41750395450508093
11 8 0.37351479191146914
11 7 0.32819396760622094
11 4 0.46210606598169873
11 3 0.6792261716932253
11 2 0.2728725139351625
10 7 0.7633916213778249
10 6 0.8427889958240613
10 3 0.4966539051739983
10 2 0.6966044405290409
9 8 0.6894994569587755
9 7 0.09798704090557349
9 2 0.1674646163410199
9 1 0.06889081933538238
8 7 0.6295206593865496
8 4 0.09110276291057014
8 2 0.5996192732151391
8 1 0.7578010582835814
7 2 0.06970000458334819
7 1 0.15659247664760426
6 5 0.07556571857845827
6 4 0.8009237557130007
6 3 0.34668830090486635
5 4 0.7297191139252182
5 3 0.358671272530253
4 2 0.6773767455773859
2 1 0.22249226170040884
