[0.06889081933538238, 0.15659247664760426, 0.22249226170040884, 0.48290749638366415, 0.7578010582835814]
[0.06970000458334819, 0.1674646163410199, 0.22249226170040884, 0.2728725139351625, 0.5996192732151391]
[0.34668830090486635, 0.358671272530253, 0.3631139485608036, 0.4966539051739983, 0.6792261716932253]
[0.09110276291057014, 0.46210606598169873, 0.6773767455773859, 0.7022332950725366, 0.7297191139252182]
[0.07556571857845827, 0.12591470744905034, 0.358671272530253, 0.7113100188907311, 0.7297191139252182]
[0.051776194261640276, 0.07556571857845827, 0.34668830090486635, 0.7790463190482315, 0.8009237557130007]
[0.06970000458334819, 0.09798704090557349, 0.15659247664760426, 0.32819396760622094, 0.6295206593865496]
[0.09110276291057014, 0.37351479191146914, 0.5996192732151391, 0.6295206593865496, 0.6894994569587755]
[0.06889081933538238, 0.09798704090557349, 0.1674646163410199, 0.41750395450508093, 0.6894994569587755]
[0.4966539051739983, 0.6039155219866011, 0.6966044405290409, 0.7633916213778249, 0.8427889958240613]
[0.2728725139351625, 0.32819396760622094, 0.37351479191146914, 0.41750395450508093, 0.46210606598169873]
[0.051776194261640276, 0.12591470744905034, 0.3631139485608036, 0.830399262428876, 0.8526901192507133]
