[0.9404786015641184, 0.8713208364316786, 0.7002856560004638, 0.5000999900019995, 0.39661064030103876, 0.27658633371878666, 0.22203603311174516, 0.19416487838947596]
[0.677421582177598, 0.298328677803526, 0.2024845673131659, 0.19416487838947596, 0.17029386365926397, 0.0860232526704263]
[0.4785394445602159, 0.30479501308256335, 0.19026297590440444]
[0.5909314681077663, 0.5554277630799527, 0.5059644256269407, 0.38470768123342686, 0.3195309061734091, 0.25, 0.13]
[0.4808326112068523, 0.4404543109109048, 0.38470768123342686, 0.2765863337187866, 0.20880613017821104, 0.14142135623730953]
[0.4808326112068523, 0.43081318457076034, 0.37735924528226417, 0.35777087639996635, 0.21633307652783934, 0.18788294228055935, 0.06]
[0.7002856560004638, 0.6606814663663572, 0.5448853090330111, 0.4801041553663122, 0.30479501308256335, 0.24020824298928628, 0.2202271554554524, 0.2002498439450079, 0.18788294228055935]
[0.5448853090330111, 0.5059644256269407, 0.38483762809787714, 0.37735924528226417, 0.3280243893371345, 0.298328677803526, 0.14142135623730953, 0.10000000000000002]
[0.7343023900274328, 0.72, 0.4404543109109048, 0.412310562561766, 0.35777087639996635, 0.24020824298928628, 0.19026297590440444]
[0.5414794548272354, 0.3195309061734091, 0.2408318915758459, 0.13038404810405296]
[0.5000999900019995, 0.4785394445602159, 0.4404543109109048, 0.28071337695236404, 0.21633307652783934, 0.2002498439450079, 0.18973665961010275]
[0.5909314681077663, 0.47507894080878815, 0.39661064030103876, 0.20880613017821104, 0.2024845673131659, 0.10000000000000002]
[0.72, 0.4801041553663122, 0.43081318457076034, 0.28071337695236404, 0.22203603311174516, 0.17029386365926397]
[0.27658633371878666, 0.0860232526704263]
[0.677421582177598, 0.47507894080878815, 0.38483762809787714, 0.3124099870362662, 0.2765863337187866, 0.13]
[0.4404543109109048, 0.412310562561766, 0.3280243893371345, 0.2202271554554524, 0.18973665961010275, 0.06]
[0.7823042886243179, 0.5414794548272354, 0.3124099870362662, 0.25]
[0.7621679604916491, 0.158113883008419, 0.13038404810405296]
[0.7823042886243179, 0.5554277630799527, 0.2408318915758459, 0.158113883008419]
